+-+-+-+-+-+-+-+-+-+-+-+ Distancia Maxima +-+-+-+-+-+-+-+-+-+-+-+
 	A	B	C	D	E	F	G	H	I	J	
A	0	0	0	0	0	0	0	0	0	0	
B	26.5014	0	0	0	0	0	0	0	0	0	
C	29.806	32.2497	0	0	0	0	0	0	0	0	
D	49.0369	23.6036	46.1234	0	0	0	0	0	0	0	
E	12.9489	35.2889	26.2401	56.8929	0	0	0	0	0	0	
F	6.36347	28.7411	29.9047	51.2589	13.0074	0	0	0	0	0	
G	15.929	40.6782	38.9877	62.304	18.8728	14.8997	0	0	0	0	
H	14.9978	19.7019	29.0107	41.589	20.3744	15.5149	29.4614	0	0	0	
I	17.4826	39.3914	42.5448	62.2798	19.8816	14.5759	17.6069	23.1043	0	0	
J	11.3349	37.3329	35.2508	59.6748	12.3568	11.842	9.02522	24.607	15.528	0	
Maximo: 62.304
Minimo: 6.36347
Clusteres: A, B, C, D, E, F, G, H, I, J, 

Nivel K=1
Clusteres mas proximos: (F,A) -> 6.36347
->Matriz quedaria asi: 
 	AF	B	C	D	E	G	H	I	J	
AF	0	0	0	0	0	0	0	0	0	
B	28.7411	0	0	0	0	0	0	0	0	
C	29.9047	32.2497	0	0	0	0	0	0	0	
D	51.2589	23.6036	46.1234	0	0	0	0	0	0	
E	13.0074	35.2889	26.2401	56.8929	0	0	0	0	0	
G	15.929	40.6782	38.9877	62.304	18.8728	0	0	0	0	
H	15.5149	19.7019	29.0107	41.589	20.3744	29.4614	0	0	0	
I	17.4826	39.3914	42.5448	62.2798	19.8816	17.6069	23.1043	0	0	
J	11.842	37.3329	35.2508	59.6748	12.3568	9.02522	24.607	15.528	0	
Clusteres: AF, B, C, D, E, G, H, I, J, 

Nivel K=2
Clusteres mas proximos: (J,G) -> 9.02522
->Matriz quedaria asi: 
 	AF	B	C	D	E	GJ	H	I	
AF	0	0	0	0	0	0	0	0	
B	28.7411	0	0	0	0	0	0	0	
C	29.9047	32.2497	0	0	0	0	0	0	
D	51.2589	23.6036	46.1234	0	0	0	0	0	
E	13.0074	35.2889	26.2401	56.8929	0	0	0	0	
GJ	15.929	40.6782	38.9877	62.304	18.8728	0	0	0	
H	15.5149	19.7019	29.0107	41.589	20.3744	29.4614	0	0	
I	17.4826	39.3914	42.5448	62.2798	19.8816	17.6069	23.1043	0	
Clusteres: AF, B, C, D, E, GJ, H, I, 

Nivel K=3
Clusteres mas proximos: (E,AF) -> 13.0074
->Matriz quedaria asi: 
 	AFE	B	C	D	GJ	H	I	
AFE	0	0	0	0	0	0	0	
B	35.2889	0	0	0	0	0	0	
C	29.9047	32.2497	0	0	0	0	0	
D	56.8929	23.6036	46.1234	0	0	0	0	
GJ	18.8728	40.6782	38.9877	62.304	0	0	0	
H	20.3744	19.7019	29.0107	41.589	29.4614	0	0	
I	19.8816	39.3914	42.5448	62.2798	17.6069	23.1043	0	
Clusteres: AFE, B, C, D, GJ, H, I, 

Nivel K=4
Clusteres mas proximos: (I,GJ) -> 17.6069
->Matriz quedaria asi: 
 	AFE	B	C	D	GJI	H	
AFE	0	0	0	0	0	0	
B	35.2889	0	0	0	0	0	
C	29.9047	32.2497	0	0	0	0	
D	56.8929	23.6036	46.1234	0	0	0	
GJI	19.8816	40.6782	42.5448	62.304	0	0	
H	20.3744	19.7019	29.0107	41.589	29.4614	0	
Clusteres: AFE, B, C, D, GJI, H, 

Nivel K=5
Clusteres mas proximos: (H,B) -> 19.7019
->Matriz quedaria asi: 
 	AFE	BH	C	D	GJI	
AFE	0	0	0	0	0	
BH	35.2889	0	0	0	0	
C	29.9047	32.2497	0	0	0	
D	56.8929	41.589	46.1234	0	0	
GJI	19.8816	40.6782	42.5448	62.304	0	
Clusteres: AFE, BH, C, D, GJI, 

Nivel K=6
Clusteres mas proximos: (GJI,AFE) -> 19.8816
->Matriz quedaria asi: 
 	AFEGJI	BH	C	D	
AFEGJI	0	0	0	0	
BH	40.6782	0	0	0	
C	42.5448	32.2497	0	0	
D	62.304	41.589	46.1234	0	
Clusteres: AFEGJI, BH, C, D, 

Nivel K=7
Clusteres mas proximos: (C,BH) -> 32.2497
->Matriz quedaria asi: 
 	AFEGJI	BHC	D	
AFEGJI	0	0	0	
BHC	42.5448	0	0	
D	62.304	46.1234	0	
Clusteres: AFEGJI, BHC, D, 

Nivel K=8
Clusteres mas proximos: (BHC,AFEGJI) -> 42.5448
->Matriz quedaria asi: 
 	AFEGJIBHC	D	
AFEGJIBHC	0	0	
D	62.304	0	
Clusteres: AFEGJIBHC, D, 

Nivel K=9
Clusteres mas proximos: (D,AFEGJIBHC) -> 62.304
->Matriz quedaria asi: 
 	AFEGJIBHCD	
AFEGJIBHCD	
Clusteres: AFEGJIBHCD, 

+-+-+-+-+-+-+-+-+-+-+-+ Matriz Cofenetica +-+-+-+-+-+-+-+-+-+-+-+ 
 	A	B	C	D	E	F	G	H	I	J	
A	0	42.5448	42.5448	62.304	13.0074	6.36347	19.8816	42.5448	19.8816	19.8816	
B	42.5448	0	32.2497	62.304	42.5448	42.5448	42.5448	19.7019	42.5448	42.5448	
C	42.5448	32.2497	0	62.304	42.5448	42.5448	42.5448	32.2497	42.5448	42.5448	
D	62.304	62.304	62.304	0	62.304	62.304	62.304	62.304	62.304	62.304	
E	13.0074	42.5448	42.5448	62.304	0	13.0074	19.8816	42.5448	19.8816	19.8816	
F	6.36347	42.5448	42.5448	62.304	13.0074	0	19.8816	42.5448	19.8816	19.8816	
G	19.8816	42.5448	42.5448	62.304	19.8816	19.8816	0	42.5448	17.6069	9.02522	
H	42.5448	19.7019	32.2497	62.304	42.5448	42.5448	42.5448	0	42.5448	42.5448	
I	19.8816	42.5448	42.5448	62.304	19.8816	19.8816	17.6069	42.5448	0	17.6069	
J	19.8816	42.5448	42.5448	62.304	19.8816	19.8816	9.02522	42.5448	17.6069	0	

Distancias: 26.5014 29.806 32.2497 49.0369 23.6036 46.1234 12.9489 35.2889 26.2401 56.8929 6.36347 28.7411 29.9047 51.2589 13.0074 15.929 40.6782 38.9877 62.304 18.8728 14.8997 14.9978 19.7019 29.0107 41.589 20.3744 15.5149 29.4614 17.4826 39.3914 42.5448 62.2798 19.8816 14.5759 17.6069 23.1043 11.3349 37.3329 35.2508 59.6748 12.3568 11.842 9.02522 24.607 15.528 
Cofenéticas: 42.5448 42.5448 32.2497 62.304 62.304 62.304 13.0074 42.5448 42.5448 62.304 6.36347 42.5448 42.5448 62.304 13.0074 19.8816 42.5448 42.5448 62.304 19.8816 19.8816 42.5448 19.7019 32.2497 62.304 42.5448 42.5448 42.5448 19.8816 42.5448 42.5448 62.304 19.8816 19.8816 17.6069 42.5448 19.8816 42.5448 42.5448 62.304 19.8816 19.8816 9.02522 42.5448 17.6069 
Covarianza: 220.774
Varianza de distancias: 229.863
Varianza de cofenéticas: 293.69

CCC: 0.849708
