+-+-+-+-+-+-+-+-+-+-+-+ Distancia Minima +-+-+-+-+-+-+-+-+-+-+-+
 	A	B	C	D	E	F	G	H	I	J	
A	0	0	0	0	0	0	0	0	0	0	
B	26.5014	0	0	0	0	0	0	0	0	0	
C	29.806	32.2497	0	0	0	0	0	0	0	0	
D	49.0369	23.6036	46.1234	0	0	0	0	0	0	0	
E	12.9489	35.2889	26.2401	56.8929	0	0	0	0	0	0	
F	6.36347	28.7411	29.9047	51.2589	13.0074	0	0	0	0	0	
G	15.929	40.6782	38.9877	62.304	18.8728	14.8997	0	0	0	0	
H	14.9978	19.7019	29.0107	41.589	20.3744	15.5149	29.4614	0	0	0	
I	17.4826	39.3914	42.5448	62.2798	19.8816	14.5759	17.6069	23.1043	0	0	
J	11.3349	37.3329	35.2508	59.6748	12.3568	11.842	9.02522	24.607	15.528	0	
Maximo: 62.304
Minimo: 6.36347
Clusteres: A, B, C, D, E, F, G, H, I, J, 

Nivel K=1
Clusteres mas proximos: (F,A) -> 6.36347
Posicion:  [5,0]
->Matriz quedaria asi: 
 	AF	B	C	D	E	G	H	I	J	
AF	0	0	0	0	0	0	0	0	0	
B	26.5014	0	0	0	0	0	0	0	0	
C	29.806	32.2497	0	0	0	0	0	0	0	
D	49.0369	23.6036	46.1234	0	0	0	0	0	0	
E	12.9489	35.2889	26.2401	56.8929	0	0	0	0	0	
G	14.8997	40.6782	38.9877	62.304	18.8728	0	0	0	0	
H	14.9978	19.7019	29.0107	41.589	20.3744	29.4614	0	0	0	
I	14.5759	39.3914	42.5448	62.2798	19.8816	17.6069	23.1043	0	0	
J	11.3349	37.3329	35.2508	59.6748	12.3568	9.02522	24.607	15.528	0	
Clusteres: AF, B, C, D, E, G, H, I, J, 

Nivel K=2
Clusteres mas proximos: (J,G) -> 9.02522
Posicion:  [8,5]
->Matriz quedaria asi: 
 	AF	B	C	D	E	GJ	H	I	
AF	0	0	0	0	0	0	0	0	
B	26.5014	0	0	0	0	0	0	0	
C	29.806	32.2497	0	0	0	0	0	0	
D	49.0369	23.6036	46.1234	0	0	0	0	0	
E	12.9489	35.2889	26.2401	56.8929	0	0	0	0	
GJ	11.3349	37.3329	35.2508	59.6748	12.3568	0	0	0	
H	14.9978	19.7019	29.0107	41.589	20.3744	24.607	0	0	
I	14.5759	39.3914	42.5448	62.2798	19.8816	15.528	23.1043	0	
Clusteres: AF, B, C, D, E, GJ, H, I, 

Nivel K=3
Clusteres mas proximos: (GJ,AF) -> 11.3349
Posicion:  [5,0]
->Matriz quedaria asi: 
 	AFGJ	B	C	D	E	H	I	
AFGJ	0	0	0	0	0	0	0	
B	26.5014	0	0	0	0	0	0	
C	29.806	32.2497	0	0	0	0	0	
D	49.0369	23.6036	46.1234	0	0	0	0	
E	12.3568	35.2889	26.2401	56.8929	0	0	0	
H	14.9978	19.7019	29.0107	41.589	20.3744	0	0	
I	14.5759	39.3914	42.5448	62.2798	19.8816	23.1043	0	
Clusteres: AFGJ, B, C, D, E, H, I, 

Nivel K=4
Clusteres mas proximos: (E,AFGJ) -> 12.3568
Posicion:  [4,0]
->Matriz quedaria asi: 
 	AFGJE	B	C	D	H	I	
AFGJE	0	0	0	0	0	0	
B	26.5014	0	0	0	0	0	
C	26.2401	32.2497	0	0	0	0	
D	49.0369	23.6036	46.1234	0	0	0	
H	14.9978	19.7019	29.0107	41.589	0	0	
I	14.5759	39.3914	42.5448	62.2798	23.1043	0	
Clusteres: AFGJE, B, C, D, H, I, 

Nivel K=5
Clusteres mas proximos: (I,AFGJE) -> 14.5759
Posicion:  [5,0]
->Matriz quedaria asi: 
 	AFGJEI	B	C	D	H	
AFGJEI	0	0	0	0	0	
B	26.5014	0	0	0	0	
C	26.2401	32.2497	0	0	0	
D	49.0369	23.6036	46.1234	0	0	
H	14.9978	19.7019	29.0107	41.589	0	
Clusteres: AFGJEI, B, C, D, H, 

Nivel K=6
Clusteres mas proximos: (H,AFGJEI) -> 14.9978
Posicion:  [4,0]
->Matriz quedaria asi: 
 	AFGJEIH	B	C	D	
AFGJEIH	0	0	0	0	
B	19.7019	0	0	0	
C	26.2401	32.2497	0	0	
D	41.589	23.6036	46.1234	0	
Clusteres: AFGJEIH, B, C, D, 

Nivel K=7
Clusteres mas proximos: (B,AFGJEIH) -> 19.7019
Posicion:  [1,0]
->Matriz quedaria asi: 
 	AFGJEIHB	C	D	
AFGJEIHB	0	0	0	
C	26.2401	0	0	
D	23.6036	46.1234	0	
Clusteres: AFGJEIHB, C, D, 

Nivel K=8
Clusteres mas proximos: (D,AFGJEIHB) -> 23.6036
Posicion:  [2,0]
->Matriz quedaria asi: 
 	AFGJEIHBD	C	
AFGJEIHBD	0	0	
C	26.2401	0	
Clusteres: AFGJEIHBD, C, 

Nivel K=9
Clusteres mas proximos: (C,AFGJEIHBD) -> 26.2401
Posicion:  [1,0]
->Matriz quedaria asi: 
 	AFGJEIHBDC	
AFGJEIHBDC	
Clusteres: AFGJEIHBDC, 

+-+-+-+-+-+-+-+-+-+-+-+ Matriz Cofenetica +-+-+-+-+-+-+-+-+-+-+-+ 
 	A	B	C	D	E	F	G	H	I	J	
A	0	19.7019	26.2401	23.6036	12.3568	6.36347	11.3349	14.9978	14.5759	11.3349	
B	19.7019	0	26.2401	23.6036	19.7019	19.7019	19.7019	19.7019	19.7019	19.7019	
C	26.2401	26.2401	0	26.2401	26.2401	26.2401	26.2401	26.2401	26.2401	26.2401	
D	23.6036	23.6036	26.2401	0	23.6036	23.6036	23.6036	23.6036	23.6036	23.6036	
E	12.3568	19.7019	26.2401	23.6036	0	12.3568	12.3568	14.9978	14.5759	12.3568	
F	6.36347	19.7019	26.2401	23.6036	12.3568	0	11.3349	14.9978	14.5759	11.3349	
G	11.3349	19.7019	26.2401	23.6036	12.3568	11.3349	0	14.9978	14.5759	9.02522	
H	14.9978	19.7019	26.2401	23.6036	14.9978	14.9978	14.9978	0	14.9978	14.9978	
I	14.5759	19.7019	26.2401	23.6036	14.5759	14.5759	14.5759	14.9978	0	14.5759	
J	11.3349	19.7019	26.2401	23.6036	12.3568	11.3349	9.02522	14.9978	14.5759	0	

Distancias: 26.5014 29.806 32.2497 49.0369 23.6036 46.1234 12.9489 35.2889 26.2401 56.8929 6.36347 28.7411 29.9047 51.2589 13.0074 15.929 40.6782 38.9877 62.304 18.8728 14.8997 14.9978 19.7019 29.0107 41.589 20.3744 15.5149 29.4614 17.4826 39.3914 42.5448 62.2798 19.8816 14.5759 17.6069 23.1043 11.3349 37.3329 35.2508 59.6748 12.3568 11.842 9.02522 24.607 15.528 
Cofenéticas: 19.7019 26.2401 26.2401 23.6036 23.6036 26.2401 12.3568 19.7019 26.2401 23.6036 6.36347 19.7019 26.2401 23.6036 12.3568 11.3349 19.7019 26.2401 23.6036 12.3568 11.3349 14.9978 19.7019 26.2401 23.6036 14.9978 14.9978 14.9978 14.5759 19.7019 26.2401 23.6036 14.5759 14.5759 14.5759 14.9978 11.3349 19.7019 26.2401 23.6036 12.3568 11.3349 9.02522 14.9978 14.5759 
Covarianza: 67.4592
Varianza de distancias: 229.863
Varianza de cofenéticas: 34.122

CCC: 0.76171
