+-+-+-+-+-+-+-+-+-+-+-+ Distancia Ponderada +-+-+-+-+-+-+-+-+-+-+-+
 	A	B	C	D	E	F	G	H	I	J	
A	0	0	0	0	0	0	0	0	0	0	
B	26.5014	0	0	0	0	0	0	0	0	0	
C	29.806	32.2497	0	0	0	0	0	0	0	0	
D	49.0369	23.6036	46.1234	0	0	0	0	0	0	0	
E	12.9489	35.2889	26.2401	56.8929	0	0	0	0	0	0	
F	6.36347	28.7411	29.9047	51.2589	13.0074	0	0	0	0	0	
G	15.929	40.6782	38.9877	62.304	18.8728	14.8997	0	0	0	0	
H	14.9978	19.7019	29.0107	41.589	20.3744	15.5149	29.4614	0	0	0	
I	17.4826	39.3914	42.5448	62.2798	19.8816	14.5759	17.6069	23.1043	0	0	
J	11.3349	37.3329	35.2508	59.6748	12.3568	11.842	9.02522	24.607	15.528	0	
Maximo: 62.304
Minimo: 6.36347
Clusteres: A, B, C, D, E, F, G, H, I, J, 

Nivel K=1
Clusteres mas proximos: (F,A) -> 6.36347
->Matriz quedaria asi: 
 	AF	B	C	D	E	G	H	I	J	
AF	0	0	0	0	0	0	0	0	0	
B	27.6213	0	0	0	0	0	0	0	0	
C	29.8553	32.2497	0	0	0	0	0	0	0	
D	50.1479	23.6036	46.1234	0	0	0	0	0	0	
E	12.9782	35.2889	26.2401	56.8929	0	0	0	0	0	
G	15.4143	40.6782	38.9877	62.304	18.8728	0	0	0	0	
H	15.2563	19.7019	29.0107	41.589	20.3744	29.4614	0	0	0	
I	16.0292	39.3914	42.5448	62.2798	19.8816	17.6069	23.1043	0	0	
J	11.5885	37.3329	35.2508	59.6748	12.3568	9.02522	24.607	15.528	0	
Clusteres: AF, B, C, D, E, G, H, I, J, 

Nivel K=2
Clusteres mas proximos: (J,G) -> 9.02522
->Matriz quedaria asi: 
 	AF	B	C	D	E	GJ	H	I	
AF	0	0	0	0	0	0	0	0	
B	27.6213	0	0	0	0	0	0	0	
C	29.8553	32.2497	0	0	0	0	0	0	
D	50.1479	23.6036	46.1234	0	0	0	0	0	
E	12.9782	35.2889	26.2401	56.8929	0	0	0	0	
GJ	13.5014	39.0056	37.1192	60.9894	15.6148	0	0	0	
H	15.2563	19.7019	29.0107	41.589	20.3744	27.0342	0	0	
I	16.0292	39.3914	42.5448	62.2798	19.8816	16.5674	23.1043	0	
Clusteres: AF, B, C, D, E, GJ, H, I, 

Nivel K=3
Clusteres mas proximos: (E,AF) -> 12.9782
->Matriz quedaria asi: 
 	AFE	B	C	D	GJ	H	I	
AFE	0	0	0	0	0	0	0	
B	31.4551	0	0	0	0	0	0	
C	28.0477	32.2497	0	0	0	0	0	
D	53.5204	23.6036	46.1234	0	0	0	0	
GJ	14.5581	39.0056	37.1192	60.9894	0	0	0	
H	17.8154	19.7019	29.0107	41.589	27.0342	0	0	
I	17.9554	39.3914	42.5448	62.2798	16.5674	23.1043	0	
Clusteres: AFE, B, C, D, GJ, H, I, 

Nivel K=4
Clusteres mas proximos: (GJ,AFE) -> 14.5581
->Matriz quedaria asi: 
 	AFEGJ	B	C	D	H	I	
AFEGJ	0	0	0	0	0	0	
B	35.2303	0	0	0	0	0	
C	32.5835	32.2497	0	0	0	0	
D	57.2549	23.6036	46.1234	0	0	0	
H	22.4248	19.7019	29.0107	41.589	0	0	
I	17.2614	39.3914	42.5448	62.2798	23.1043	0	
Clusteres: AFEGJ, B, C, D, H, I, 

Nivel K=5
Clusteres mas proximos: (I,AFEGJ) -> 17.2614
->Matriz quedaria asi: 
 	AFEGJI	B	C	D	H	
AFEGJI	0	0	0	0	0	
B	37.3108	0	0	0	0	
C	37.5641	32.2497	0	0	0	
D	59.7673	23.6036	46.1234	0	0	
H	22.7645	19.7019	29.0107	41.589	0	
Clusteres: AFEGJI, B, C, D, H, 

Nivel K=6
Clusteres mas proximos: (H,B) -> 19.7019
->Matriz quedaria asi: 
 	AFEGJI	BH	C	D	
AFEGJI	0	0	0	0	
BH	30.0377	0	0	0	
C	37.5641	30.6302	0	0	
D	59.7673	32.5963	46.1234	0	
Clusteres: AFEGJI, BH, C, D, 

Nivel K=7
Clusteres mas proximos: (BH,AFEGJI) -> 30.0377
->Matriz quedaria asi: 
 	AFEGJIBH	C	D	
AFEGJIBH	0	0	0	
C	34.0972	0	0	
D	46.1818	46.1234	0	
Clusteres: AFEGJIBH, C, D, 

Nivel K=8
Clusteres mas proximos: (C,AFEGJIBH) -> 34.0972
->Matriz quedaria asi: 
 	AFEGJIBHC	D	
AFEGJIBHC	0	0	
D	46.1526	0	
Clusteres: AFEGJIBHC, D, 

Nivel K=9
Clusteres mas proximos: (D,AFEGJIBHC) -> 46.1526
->Matriz quedaria asi: 
 	AFEGJIBHCD	
AFEGJIBHCD	
Clusteres: AFEGJIBHCD, 

+-+-+-+-+-+-+-+-+-+-+-+ Matriz Cofenetica +-+-+-+-+-+-+-+-+-+-+-+ 
 	A	B	C	D	E	F	G	H	I	J	
A	0	30.0377	34.0972	46.1526	12.9782	6.36347	14.5581	30.0377	17.2614	14.5581	
B	30.0377	0	34.0972	46.1526	30.0377	30.0377	30.0377	19.7019	30.0377	30.0377	
C	34.0972	34.0972	0	46.1526	34.0972	34.0972	34.0972	34.0972	34.0972	34.0972	
D	46.1526	46.1526	46.1526	0	46.1526	46.1526	46.1526	46.1526	46.1526	46.1526	
E	12.9782	30.0377	34.0972	46.1526	0	12.9782	14.5581	30.0377	17.2614	14.5581	
F	6.36347	30.0377	34.0972	46.1526	12.9782	0	14.5581	30.0377	17.2614	14.5581	
G	14.5581	30.0377	34.0972	46.1526	14.5581	14.5581	0	30.0377	17.2614	9.02522	
H	30.0377	19.7019	34.0972	46.1526	30.0377	30.0377	30.0377	0	30.0377	30.0377	
I	17.2614	30.0377	34.0972	46.1526	17.2614	17.2614	17.2614	30.0377	0	17.2614	
J	14.5581	30.0377	34.0972	46.1526	14.5581	14.5581	9.02522	30.0377	17.2614	0	

Distancias: 26.5014 29.806 32.2497 49.0369 23.6036 46.1234 12.9489 35.2889 26.2401 56.8929 6.36347 28.7411 29.9047 51.2589 13.0074 15.929 40.6782 38.9877 62.304 18.8728 14.8997 14.9978 19.7019 29.0107 41.589 20.3744 15.5149 29.4614 17.4826 39.3914 42.5448 62.2798 19.8816 14.5759 17.6069 23.1043 11.3349 37.3329 35.2508 59.6748 12.3568 11.842 9.02522 24.607 15.528 
Cofenéticas: 30.0377 34.0972 34.0972 46.1526 46.1526 46.1526 12.9782 30.0377 34.0972 46.1526 6.36347 30.0377 34.0972 46.1526 12.9782 14.5581 30.0377 34.0972 46.1526 14.5581 14.5581 30.0377 19.7019 34.0972 46.1526 30.0377 30.0377 30.0377 17.2614 30.0377 34.0972 46.1526 17.2614 17.2614 17.2614 30.0377 14.5581 30.0377 34.0972 46.1526 14.5581 14.5581 9.02522 30.0377 17.2614 
Covarianza: 157.419
Varianza de distancias: 229.863
Varianza de cofenéticas: 143.406

CCC: 0.867038
